                1         1               1    14.0000     116.5       .       83.0000
                2         2               2    16.0000     112.3       .       74.0000
                3         3               2    17.0000     113.9    122.000      .
                4         4               1    12.0000     116.1    121.000      .
                5         5               1    18.0000     116.1    121.000      .
                6       104               1    14.0000     165.4     97.714      .
                7       181               1    14.7917     152.9    116.047    53.2416
                8       423               1     6.0000     128.2     87.166    57.9352
                9       528               1    15.0000     170.7    119.714    67.9091
               10       995               1    12.7146     175.2    105.248      .
               11      1046               2     9.0000     123.5     88.714    44.7809
               12      1545               1    11.0000     145.9    111.714    51.9091
               13      2397               1     7.0000     121.3     91.714    51.9091
               14      2631               1     7.0000     121.2     69.166    43.9352
               15      2740               1    16.0000     162.5    105.166    57.9352
               16      4250               2     7.0000     120.5     88.714    56.7809
               17      4672               2    15.0000     169.5    104.714    70.7809
               18      5292               2    16.0000     151.4    118.714    86.7809
               19      8386               2    12.2083     149.1    116.673    59.2037
               20      9728               1    15.9316     165.1    118.000    64.0000
               21     10320               2    17.1116     153.9    114.663      .
               22     12080               2     3.1020      92.5     86.663      .
               23     13487               1    16.6872     180.1    108.188      .
               24     21614               2     5.9466     116.9     94.663      .
               25     23221               2     9.7823     138.0    105.379      .
               26     29118               2     9.4839     126.8     78.663      .
               27     33758               2    15.1567     157.5    120.000    80.0000
               28     40048               2    11.2909     160.0    114.000    70.0000
               29     41538               2     5.1828     110.2     76.663      .
               30     45425               2    15.4962     160.0    110.000    76.0000
               31     51712               2    10.9925     139.9    116.663      .
               32     53877               1    13.1034     158.2    113.248      .
               33     64497               1     3.8932      96.5     83.248      .
               34     66369               2     2.9843      89.8    106.663      .
               35     69760               2     4.1561     106.7     88.663      .
               36     70328               2     6.6201     116.4     88.663      .
               37     78906               1     7.0910     120.1     99.248      .
               38     79793               2    15.7426     158.7    112.663      .
               39     80866               2     3.0116      95.1     86.663      .
               40     81728               2    12.1287     146.0     96.663      .
               41     83018               2     2.0178      87.6     81.625      .
               42     83810               2     6.3874     127.0     96.000    50.0000
               43     86736               1     5.1444     103.3    109.248      .
               44     88514               1     9.9713     143.5     97.248      .
               45     95217               1    14.0014     164.9    109.248      .
               46     99985               1    11.4387     152.0    105.248      .
               47    117839               1    13.8000     154.9    132.821    76.3471
               48    121585               1    16.3000     161.9    112.821    56.3471
               49    124638               2    15.3000     170.2    129.515    66.2976
               50    125490               2    15.8000     157.5    113.515    56.2976
               51    127304               2    13.9000     158.8    107.515    76.2976
               52    127308               2    16.1000     147.3    121.515    76.2976
               53    130703               1    15.3000     157.5     82.821    46.3471
               54    134691               1    14.7000     170.2    102.821    56.3471
               55    138932               1    15.5000     177.8    104.821    66.3471
               56    140455               1    14.0000     156.8    102.821    56.3471
               57    143210               1    14.3059     149.5    103.618    74.5630
               58    144521               1    13.9276     168.0    115.618    48.5630
               59    148024               1    13.8854     179.0    117.618    78.5630
               60    148642               1    13.4671     137.0     95.618    72.5630
               61    151167               1    17.6000     175.3    114.821    58.3471
               62    152951               1    17.9000     175.3    116.821    56.3471
               63    156812               1    13.1557     152.0    105.618    68.5630
               64    157821               2    16.1000     168.3    111.515    72.2976
               65    158562               2    15.1000     157.5     95.515    54.2976
               66    158598               1    15.6000     169.5    114.821    80.3471
               67    160061               1    11.4002     139.0    105.618    74.5630
               68    160385               1    17.5000     175.3    108.821    68.3471
               69    161930               2    15.8000     167.6    107.515    72.2976
               70    167369               2    16.0000     156.8    127.515    76.2976
               71    178303               1    14.8000     157.5    122.821    62.3471
               72    178668               2    15.6000     158.8    103.515    72.2976
               73    180115               1    13.8000     164.5    112.821    46.3471
               74    185005               1    15.4000     170.2    108.821    74.3471
               75    187343               1    14.2000     167.6    114.821    76.3471
               76    188150               2    17.6000     154.9    105.515    32.2976
               77    193027               2    17.6000     164.5    117.515    70.2976
               78    195337               1    13.8000     151.8    100.821    44.3471
               79    196034               2    14.4000     175.9    105.515    64.2976
               80    203089               1    10.8635     139.5    107.618    66.5630
               81    204435               2    14.4304     144.0     86.602    46.6535
               82    212842               1    13.7555     165.0    101.618    42.5630
               83    221369               1    16.8000     167.0    124.821    38.3471
               84    230146               2    16.0000     165.1    121.515    72.2976
               85    248778               2    15.6000     181.0    101.515    78.2976
               86    351304               1     4.5257      99.1     84.228      .
               87    443248               1    14.4249     167.0    113.618    46.5630
               88    444713               2    13.6420     161.0    104.602    70.6535
               89    445092               1    14.1584     153.5    109.618    78.5630
               90    457455               1    13.4331     159.0    107.618    26.5630
               91    466568               2    14.1995     162.5    128.602    52.6535
               92    492070               1    12.0587     144.0     95.618    50.5630
               93    515422               2    12.0329     150.5    114.602    56.6535
               94    561059               2    11.4030     150.0    108.602    70.6535
               95    575329               2    12.0833     131.0     90.602    66.6535
               96    586771               2    13.1530     154.0     90.602    66.6535
               97    610100               1    13.5751     161.0     93.618    38.5630
               98    616257               2    10.3717     141.0    104.602    74.6535
               99    617434               2    13.1491     159.5    100.602    80.6535
              100    617586               1    11.6721     142.0     95.618    66.5630
              101    674450               1    12.1612     144.5    105.618    66.5630
              102    706950               1    13.8224     165.5    101.618    66.5630
              103    727766               1    13.1502     156.0    111.618    78.5630
              104    851470               1    11.5806     155.5    101.618    40.5630
              105   1104251               2     2.0000      84.0     84.314      .